AdaBelief

train_acc: 0.8933161953727506
test_acc: 0.9278350515463918
val_acc: 0.8673469387755102