Adagrad

train_acc: 0.897172236503856
test_acc: 0.9072164948453608
val_acc: 0.8775510204081632