AdamW

train_acc: 0.8894601542416453
test_acc: 0.8865979381443299
val_acc: 0.8979591836734694