SGD

train_acc: 0.8920308483290489
test_acc: 0.8865979381443299
val_acc: 0.9081632653061225