train_acc: 0.9061696658097687
test_acc: 0.9175257731958762
val_acc: 0.8979591836734694